 <pre>

 Contingency table for Cloud cover (octas)
 Selection: ALL    397 stations
Period: 20231101-20231107
Used {00,06,12,18} + 01 02 ... 12
 Limits   0.500000000       1.50000000       2.50000000       3.50000000       4.50000000       5.50000000       6.50000000       7.50000000    
 Each class is data <= limit, the very last > last limit
 Total number of values       84765
                                                       OBSERVATION
                                   1959      414      469      315      224      218      279      303      635 |      4816
                                    693      232      240      204      185      192      225      354      518 |      2843
                                    392      142      158      147      124      162      189      325      496 |      2135
                                    339      122      123      104      105      155      166      383      513 |      2010
                           Ref      312      107      146      114      113      144      208      384      580 |      2108
                                    318      128      137      120      112      169      209      504      759 |      2456
                                    337      154      167      150      145      186      284      713     1045 |      3181
                                    551      229      220      249      241      325      489     1260     1962 |      5526
                                   1425      793      658      855      847     1450     2323    13271    38068 |     59690

                    SUM            6326     2321     2318     2258     2096     3001     4372    17497    44576 |     84765
                                                       OBSERVATION
                                   1985      435      476      330      242      267      322      395      783 |      5235
                                    686      201      227      208      187      185      234      380      678 |      2986
                                    407      142      161      160      140      175      187      352      581 |      2305
                                    345      133      150      112       97      147      195      424      566 |      2169
                            1h      297      111      145      116      135      133      202      427      643 |      2209
                                    316      120      140      134      114      171      216      506      859 |      2576
                                    324      156      167      136      141      200      309      724     1108 |      3265
                                    535      232      242      212      234      292      476     1318     2110 |      5651
                                   1431      791      610      850      806     1431     2231    12971    37248 |     58369

                    SUM            6326     2321     2318     2258     2096     3001     4372    17497    44576 |     84765
                                                       OBSERVATION
                                   2030      434      484      333      243      275      325      386      758 |      5268
                                    694      221      214      200      191      191      238      380      638 |      2967
                                    374      147      172      158      148      164      182      383      600 |      2328
                                    331      119      150      126      104      144      178      381      562 |      2095
                            2h      329      140      141      108       99      157      216      408      625 |      2223
                                    297      124      139      126      109      182      227      456      822 |      2482
                                    342      132      176      159      164      186      308      743     1117 |      3327
                                    514      237      229      239      244      314      481     1364     2175 |      5797
                                   1415      767      613      809      794     1388     2217    12996    37279 |     58278

                    SUM            6326     2321     2318     2258     2096     3001     4372    17497    44576 |     84765
                                                       OBSERVATION
                                   2044      428      490      336      235      263      309      370      729 |      5204
                                    674      220      238      199      186      194      249      397      610 |      2967
                                    408      151      153      142      144      176      195      365      556 |      2290
                                    326      127      128      132      105      129      179      368      558 |      2052
                            3h      285      124      162      117      113      165      184      424      578 |      2152
                                    309      129      130      131      116      186      225      473      831 |      2530
                                    329      146      164      144      146      173      284      649     1088 |      3123
                                    512      219      237      226      242      323      467     1318     2075 |      5619
                                   1439      777      616      831      809     1392     2280    13133    37551 |     58828

                    SUM            6326     2321     2318     2258     2096     3001     4372    17497    44576 |     84765
                                                       OBSERVATION
                                   1981      437      489      347      242      269      330      407      791 |      5293
                                    680      201      218      199      196      199      250      405      682 |      3030
                                    430      152      188      153      136      165      195      348      593 |      2360
                                    316      119      133      131      112      138      182      428      616 |      2175
                          1h_e      306      112      145       99      116      136      184      432      640 |      2170
                                    330      116      139      122      106      174      246      503      805 |      2541
                                    332      147      173      150      142      204      278      735     1226 |      3387
                                    505      231      227      229      252      320      487     1327     2136 |      5714
                                   1446      806      606      828      794     1396     2220    12912    37087 |     58095

                    SUM            6326     2321     2318     2258     2096     3001     4372    17497    44576 |     84765
                                                       OBSERVATION
                                   1993      436      489      339      246      267      333      398      789 |      5290
                                    672      209      230      209      181      198      233      384      668 |      2984
                                    405      134      156      145      139      163      203      362      596 |      2303
                                    331      130      140      132      111      139      166      421      549 |      2119
                          1h_f      290      119      149      107      118      140      190      424      664 |      2201
                                    318      111      143      123      113      173      249      489      821 |      2540
                                    331      126      153      134      142      202      299      761     1136 |      3284
                                    546      259      242      222      235      310      478     1317     2135 |      5744
                                   1440      797      616      847      811     1409     2221    12941    37218 |     58300

                    SUM            6326     2321     2318     2258     2096     3001     4372    17497    44576 |     84765

