 <pre>

 Contingency table for Cloud base (m)
 Selection: ALL    623 stations
Period: 20231101-20231107
Used {00,06,12,18} + 01 02 ... 12
 Limits    70.0000000       150.000000       300.000000       600.000000       1000.00000       1500.00000       2500.00000       5000.00000    
 Each class is data <= limit, the very last > last limit
 Total number of values      145678
                                                       OBSERVATION
                                   5490     4262     1436      382      195      206      162       39      143 |     12315
                                   1367     3547     2301      671      215      108       34       37      116 |      8396
                                    922     3583     6360     2521      828      215      129       80      195 |     14833
                                    810     2541     8789    12980     4223     1255      722      310      647 |     32277
                           Ref      416      825     2442     5447     6707     2656     1030      388      708 |     20619
                                    209      406     1147     2409     2968     3547     1617      408      621 |     13332
                                    102      219      636     1124      859     1131     1544      476      173 |      6264
                                     79      111      572      794      586      486      909     1673      243 |      5453
                                    351      658     2151     4096     4152     3796     2842     3947    10196 |     32189

                    SUM            9746    16152    25834    30424    20733    13400     8989     7358    13042 |    145678
                                                       OBSERVATION
                                   3072     2271      915      325      146      102       29       38      114 |      7012
                                   1274     2544     1577      537      207       88       13       20      111 |      6371
                                   1071     3564     5154     2227      802      192      103       70      288 |     13471
                                   1338     3135     8930    11735     3669     1042      513      277      659 |     31298
                            1h      919     1491     2962     5479     6251     2384      966      347      647 |     21446
                                    632      941     1554     2794     3076     3326     1561      382      599 |     14865
                                    488      643     1133     1490     1121     1389     1821      537      286 |      8908
                                    189      306      753      969      710      591      973     1643      268 |      6402
                                    763     1257     2856     4868     4751     4286     3010     4044    10070 |     35905

                    SUM            9746    16152    25834    30424    20733    13400     8989     7358    13042 |    145678
                                                       OBSERVATION
                                   3808     2881     1099      395      180      156       82       41      154 |      8796
                                   1248     2721     1730      566      215       66       36       21      132 |      6735
                                    994     3504     5407     2360      785      218      116       78      256 |     13718
                                   1116     2858     8604    11850     3894      976      563      262      665 |     30788
                            2h      779     1352     2804     5498     6197     2502     1000      346      656 |     21134
                                    554      871     1519     2680     3083     3370     1517      392      590 |     14576
                                    370      540      970     1382     1058     1340     1723      481      265 |      8129
                                    157      222      731      947      686      534      936     1645      257 |      6115
                                    720     1203     2970     4746     4635     4238     3016     4092    10067 |     35687

                    SUM            9746    16152    25834    30424    20733    13400     8989     7358    13042 |    145678
                                                       OBSERVATION
                                   4325     3178     1167      401      203      172       79       39      147 |      9711
                                   1159     2796     1822      603      235       76       32       31      143 |      6897
                                    923     3497     5744     2428      772      211      122       88      226 |     14011
                                    997     2760     8737    12233     3966     1071      631      284      648 |     31327
                            3h      777     1328     2617     5428     6348     2561     1025      313      658 |     21055
                                    502      785     1448     2570     3090     3461     1626      420      597 |     14499
                                    286      492      875     1342     1005     1272     1685      523      234 |      7714
                                    153      200      628      843      621      533      899     1646      236 |      5759
                                    624     1116     2796     4576     4493     4043     2890     4014    10153 |     34705

                    SUM            9746    16152    25834    30424    20733    13400     8989     7358    13042 |    145678
                                                       OBSERVATION
                                   3281     2612     1046      400      181      144       33       40      114 |      7851
                                   1158     2457     1636      567      209       79       20       17      101 |      6244
                                    978     3387     5166     2435      851      213       93       73      263 |     13459
                                   1235     2943     8445    11165     3593     1021      510      273      590 |     29775
                          1h_e      945     1479     2904     5478     5986     2392      929      351      645 |     21109
                                    670      953     1658     2824     3101     3192     1573      387      602 |     14960
                                    487      663     1190     1628     1167     1416     1845      563      305 |      9264
                                    202      272      772      982      730      601      982     1639      295 |      6475
                                    790     1386     3017     4945     4915     4342     3004     4015    10127 |     36541

                    SUM            9746    16152    25834    30424    20733    13400     8989     7358    13042 |    145678
                                                       OBSERVATION
                                   2971     2264      862      324      166      106       22       40      124 |      6879
                                   1342     2492     1590      525      213       78       15       18       98 |      6371
                                   1152     3586     5261     2453      811      191       95       65      253 |     13867
                                   1327     3226     8866    11500     3713     1055      515      293      637 |     31132
                          1h_f      963     1437     2913     5601     6174     2432      947      346      665 |     21478
                                    597      930     1548     2731     3040     3219     1564      383      588 |     14600
                                    470      648     1183     1535     1140     1383     1857      554      316 |      9086
                                    182      264      743      948      722      600      961     1652      282 |      6354
                                    742     1305     2868     4807     4754     4336     3013     4007    10079 |     35911

                    SUM            9746    16152    25834    30424    20733    13400     8989     7358    13042 |    145678

