 <pre>

 Contingency table for Rh2m (%)
 Selection: METCOOP    518 stations
Period: 20231101-20231107
Used {00,06,12,18} + 00 01 ... 12
 Limits    30.0000000       50.0000000       65.0000000       75.0000000       85.0000000       95.0000000       100.000000    
 Each class is data <= limit, the very last > last limit
 Total number of values      183242
                                              OBSERVATION
                                      0        0        1        0        0        0        0        0 |         1
                                      2      217      209       21       19        2        0        0 |       470
                                      2     1792     6212     1908      616      288       13        0 |     10831
                           Ref        0      405     4567     6387     3829     1572      320        0 |     17080
                                      0       40      906     3709    12528    15440     1894        0 |     34517
                                      0        4       98      837     7546    41362    20011        0 |     69858
                                      0        0        3       30     1377     9267    39409        0 |     50086
                                      0        0        0        0        5       67      327        0 |       399

                    SUM               4     2458    11996    12892    25920    67998    61974        0 |    183242
                                              OBSERVATION
                                      0        0        0        0        0        0        0        0 |         0
                                      0      191      141       15       13        0        0        0 |       360
                                      4     1874     6332     1929      631      281       14        0 |     11065
                            1h        0      363     4593     6382     3985     1632      337        0 |     17292
                                      0       25      820     3724    13023    17519     2443        0 |     37554
                                      0        5      110      802     7133    40571    24845        0 |     73466
                                      0        0        0       40     1133     7975    34222        0 |     43370
                                      0        0        0        0        2       20      113        0 |       135

                    SUM               4     2458    11996    12892    25920    67998    61974        0 |    183242
                                              OBSERVATION
                                      0        0        0        0        0        0        0        0 |         0
                                      1      202      142       16       18        1        0        0 |       380
                                      3     1816     6118     1866      626      265       11        0 |     10705
                            2h        0      402     4714     6416     3904     1626      319        0 |     17381
                                      0       37      904     3746    12865    16733     2216        0 |     36501
                                      0        1      118      820     7355    40943    22940        0 |     72177
                                      0        0        0       28     1148     8408    36354        0 |     45938
                                      0        0        0        0        4       22      134        0 |       160

                    SUM               4     2458    11996    12892    25920    67998    61974        0 |    183242
                                              OBSERVATION
                                      0        0        0        0        0        0        0        0 |         0
                                      1      195      137       16       17        1        0        0 |       367
                                      3     1798     6100     1826      611      273       15        0 |     10626
                            3h        0      423     4711     6377     3834     1540      300        0 |     17185
                                      0       38      939     3795    12684    15995     2067        0 |     35518
                                      0        4      108      846     7562    41395    22354        0 |     72269
                                      0        0        1       32     1210     8755    37098        0 |     47096
                                      0        0        0        0        2       39      140        0 |       181

                    SUM               4     2458    11996    12892    25920    67998    61974        0 |    183242
                                              OBSERVATION
                                      0        0        0        0        0        0        0        0 |         0
                                      1      178      136       15       18        1        0        0 |       349
                                      3     1780     6000     1776      599      278       11        0 |     10447
                          1h_e        0      464     4764     6305     3863     1616      287        0 |     17299
                                      0       31      982     3879    12745    17080     2288        0 |     37005
                                      0        5      112      869     7514    40399    23479        0 |     72378
                                      0        0        2       48     1177     8599    35805        0 |     45631
                                      0        0        0        0        4       25      104        0 |       133

                    SUM               4     2458    11996    12892    25920    67998    61974        0 |    183242
                                              OBSERVATION
                                      0        0        0        0        0        0        0        0 |         0
                                      1      121       82       19       13        0        0        0 |       236
                                      3     1864     5892     1734      631      266       19        0 |     10409
                          1h_f        0      442     4953     6265     3919     1641      336        0 |     17556
                                      0       29      952     3981    12668    18087     2556        0 |     38273
                                      0        2      116      866     7621    40214    25861        0 |     74680
                                      0        0        1       27     1066     7768    33077        0 |     41939
                                      0        0        0        0        2       22      125        0 |       149

                    SUM               4     2458    11996    12892    25920    67998    61974        0 |    183242

