 <pre>

 Contingency table for Visibility (m)
 Selection: METCOOP    262 stations
Period: 20231101-20231107
Used {00,06,12,18} + 00 01 ... 12
 Limits    1000.00000       5000.00000       10000.0000       20000.0000    
 Each class is data <= limit, the very last > last limit
 Total number of values       83238
                                     OBSERVATION
                                   3505     2349      839      712      668 |      8073
                                   2601     9321     5420     5363     6412 |     29117
                           Ref      274     1339     1438     2626     7014 |     12691
                                    166      860     1167     2808    11366 |     16367
                                    206      753      990     3667    11374 |     16990

                    SUM            6752    14622     9854    15176    36834 |     83238
                                     OBSERVATION
                                   1722     1179      479      282      303 |      3965
                                   3682     9482     5016     4893     5820 |     28893
                            1h      563     1837     1718     2888     7174 |     14180
                                    299     1074     1389     3050    12013 |     17825
                                    486     1050     1252     4063    11524 |     18375

                    SUM            6752    14622     9854    15176    36834 |     83238
                                     OBSERVATION
                                   2185     1464      619      448      442 |      5158
                                   3469     9530     5068     5025     6034 |     29126
                            2h      456     1676     1695     2829     7245 |     13901
                                    262      993     1286     2959    11686 |     17186
                                    380      959     1186     3915    11427 |     17867

                    SUM            6752    14622     9854    15176    36834 |     83238
                                     OBSERVATION
                                   2431     1641      617      520      460 |      5669
                                   3277     9428     5172     5101     6231 |     29209
                            3h      432     1617     1646     2796     7175 |     13666
                                    256      998     1285     2893    11656 |     17088
                                    356      938     1134     3866    11312 |     17606

                    SUM            6752    14622     9854    15176    36834 |     83238
                                     OBSERVATION
                                   1838     1306      570      417      437 |      4568
                                   3643     9512     5127     5106     6310 |     29698
                          1h_e      512     1717     1605     2690     7096 |     13620
                                    301     1022     1345     2967    11591 |     17226
                                    458     1065     1207     3996    11400 |     18126

                    SUM            6752    14622     9854    15176    36834 |     83238
                                     OBSERVATION
                                   1627     1143      457      282      291 |      3800
                                   3650     9433     4957     4696     5429 |     28165
                          1h_f      632     1841     1751     2959     7360 |     14543
                                    351     1110     1403     3133    12115 |     18112
                                    492     1095     1286     4106    11639 |     18618

                    SUM            6752    14622     9854    15176    36834 |     83238

