 <pre>

 Contingency table for Cloud base (m)
 Selection: METCOOP    227 stations
Period: 20231101-20231107
Used {00,06,12,18} + 01 02 ... 12
 Limits    70.0000000       150.000000       300.000000       600.000000       1000.00000       1500.00000       2500.00000       5000.00000    
 Each class is data <= limit, the very last > last limit
 Total number of values       63877
                                                       OBSERVATION
                                   4408     3589     1005      189       84      138       93       22       75 |      9603
                                   1039     2601     1523      220       83       86       24       15       89 |      5680
                                    736     2635     4163     1098      389      124       67       14      145 |      9371
                                    625     1774     5492     5698     1373      569      280      101      334 |     16246
                           Ref      306      579     1345     2079     1378      869      220       87      180 |      7043
                                    150      239      472      650      472      859      281       79       96 |      3298
                                     65      121      313      469      208      285      419       95       52 |      2027
                                     51       76      361      377      151       95      254      351      117 |      1833
                                    255      437     1343     2034      808      785      451      565     2098 |      8776

                    SUM            7635    12051    16017    12814     4946     3810     2089     1329     3186 |     63877
                                                       OBSERVATION
                                   2617     1894      590      118       30       62       16        5       62 |      5394
                                    994     1956     1035      175       62       56        5        7       78 |      4368
                                    799     2623     3344      863      352      122       47       13      227 |      8390
                                    961     2203     5629     5361     1250      444      146      108      400 |     16502
                            1h      675     1054     1646     1990     1245      772      215       91      202 |      7890
                                    465      674      772      787      532      753      299       65      108 |      4455
                                    387      486      698      641      327      427      524      122       84 |      3696
                                    138      212      441      457      193      131      302      337      139 |      2350
                                    599      949     1862     2422      955     1043      535      581     1886 |     10832

                    SUM            7635    12051    16017    12814     4946     3810     2089     1329     3186 |     63877
                                                       OBSERVATION
                                   3143     2380      722      170       45      110       43       13       79 |      6705
                                    979     2077     1122      185       67       41       25        9       95 |      4600
                                    736     2571     3508      904      321      143       59       21      197 |      8460
                                    776     1971     5387     5290     1314      385      160       99      404 |     15786
                            2h      569      982     1565     2035     1228      823      233       92      210 |      7737
                                    421      637      753      799      565      763      277       76      101 |      4392
                                    307      402      554      578      311      401      485      102       98 |      3238
                                    122      149      435      490      180      132      275      333      131 |      2247
                                    582      882     1971     2363      915     1012      532      584     1871 |     10712

                    SUM            7635    12051    16017    12814     4946     3810     2089     1329     3186 |     63877
                                                       OBSERVATION
                                   3480     2609      772      157       62      114       48       12       75 |      7329
                                    914     2123     1175      204       83       52       22       12      105 |      4690
                                    691     2553     3671      936      323      127       56       22      185 |      8564
                                    714     1905     5476     5474     1301      447      176      104      392 |     15989
                            3h      591      970     1477     2005     1286      852      244       81      187 |      7693
                                    379      574      761      751      581      864      328       79      109 |      4426
                                    241      344      466      572      259      358      462      115       81 |      2898
                                    120      133      371      438      156      113      253      339      118 |      2041
                                    505      840     1848     2277      895      883      500      565     1934 |     10247

                    SUM            7635    12051    16017    12814     4946     3810     2089     1329     3186 |     63877
                                                       OBSERVATION
                                   2772     2180      696      163       55       93       25        3       53 |      6040
                                    900     1881     1056      180       61       55       11        7       73 |      4224
                                    722     2494     3318      887      351      131       35       11      198 |      8147
                                    889     2048     5333     5139     1216      416      146      104      357 |     15648
                          1h_e      685     1028     1616     1977     1131      753      204       87      204 |      7685
                                    505      685      818      828      561      718      306       78      121 |      4620
                                    391      500      715      709      344      432      525      145      100 |      3861
                                    156      184      457      475      189      149      307      336      162 |      2415
                                    615     1051     2008     2456     1038     1063      530      558     1918 |     11237

                    SUM            7635    12051    16017    12814     4946     3810     2089     1329     3186 |     63877
                                                       OBSERVATION
                                   2497     1865      545       96       40       62       11        6       55 |      5177
                                   1058     1887     1000      170       57       51        5        6       75 |      4309
                                    851     2678     3380      875      332      110       36        7      194 |      8463
                                    959     2286     5655     5386     1239      450      139      109      388 |     16611
                          1h_f      689     1012     1619     2058     1286      809      209       99      231 |      8012
                                    466      662      787      798      544      734      310       70      109 |      4480
                                    392      497      702      644      320      397      537      117       98 |      3704
                                    135      180      436      458      189      145      306      342      149 |      2340
                                    588      984     1893     2329      939     1052      536      573     1887 |     10781

                    SUM            7635    12051    16017    12814     4946     3810     2089     1329     3186 |     63877

