 <pre>

 Contingency table for Rh2m (%)
 Selection: ALL   1056 stations
Period: 20231101-20231107
Used {00,06,12,18} + 00 01 ... 12
 Limits    30.0000000       50.0000000       65.0000000       75.0000000       85.0000000       95.0000000       100.000000    
 Each class is data <= limit, the very last > last limit
 Total number of values      343681
                                              OBSERVATION
                                      0        0        1        0        0        0        0        0 |         1
                                      2      226      248       27       21        2        0        0 |       526
                                      2     1934     7696     3018      893      339       13        0 |     13895
                           Ref        0      434     5833    12871     6979     2487      359        0 |     28963
                                      0       44     1215    10614    33063    24781     2733        0 |     72450
                                      0        4      120     2005    23354    88326    30992        0 |    144801
                                      0        0        3       33     1606    18209    62630        0 |     82481
                                      0        0        0        0        5       75      484        0 |       564

                    SUM               4     2642    15116    28568    65921   134219    97211        0 |    343681
                                              OBSERVATION
                                      0        0        0        0        0        0        0        0 |         0
                                      0      200      182       20       15        0        0        0 |       417
                                      4     2027     7855     3050      893      338       16        0 |     14183
                            1h        0      378     5820    13208     7348     2535      389        0 |     29678
                                      0       32     1123    10237    33972    28293     3674        0 |     77331
                                      0        5      136     1996    22294    87109    38279        0 |    149819
                                      0        0        0       57     1397    15916    54677        0 |     72047
                                      0        0        0        0        2       28      176        0 |       206

                    SUM               4     2642    15116    28568    65921   134219    97211        0 |    343681
                                              OBSERVATION
                                      0        0        0        0        0        0        0        0 |         0
                                      1      214      181       22       20        1        0        0 |       439
                                      3     1953     7637     2983      898      317       13        0 |     13804
                            2h        0      433     5951    12962     7153     2484      360        0 |     29343
                                      0       41     1209    10550    33230    26676     3261        0 |     74967
                                      0        1      138     2012    23198    87573    35341        0 |    148263
                                      0        0        0       39     1418    17139    58024        0 |     76620
                                      0        0        0        0        4       29      212        0 |       245

                    SUM               4     2642    15116    28568    65921   134219    97211        0 |    343681
                                              OBSERVATION
                                      0        0        0        0        0        0        0        0 |         0
                                      1      205      177       22       19        1        0        0 |       425
                                      3     1931     7574     2870      872      336       15        0 |     13601
                            3h        0      457     5951    12721     6880     2381      344        0 |     28734
                                      0       45     1280    10839    32528    25415     3041        0 |     73148
                                      0        4      133     2076    24136    88123    34162        0 |    148634
                                      0        0        1       40     1484    17916    59433        0 |     78874
                                      0        0        0        0        2       47      216        0 |       265

                    SUM               4     2642    15116    28568    65921   134219    97211        0 |    343681
                                              OBSERVATION
                                      0        0        0        0        0        0        0        0 |         0
                                      1      187      175       23       20        1        0        0 |       407
                                      3     1922     7437     2798      857      347       14        0 |     13378
                          1h_e        0      492     6032    12603     6992     2541      344        0 |     29004
                                      0       36     1326    10835    32274    27342     3512        0 |     75325
                                      0        5      144     2243    24219    85903    36052        0 |    148566
                                      0        0        2       66     1555    18053    57122        0 |     76798
                                      0        0        0        0        4       32      167        0 |       203

                    SUM               4     2642    15116    28568    65921   134219    97211        0 |    343681
                                              OBSERVATION
                                      0        0        0        0        0        0        0        0 |         0
                                      1      126      123       26       15        0        0        0 |       291
                                      3     2017     7343     2778      899      329       22        0 |     13391
                          1h_f        0      462     6216    12618     7067     2534      388        0 |     29285
                                      0       35     1284    10909    32619    28600     3815        0 |     77262
                                      0        2      149     2191    23940    86537    39426        0 |    152245
                                      0        0        1       46     1379    16191    53368        0 |     70985
                                      0        0        0        0        2       28      192        0 |       222

                    SUM               4     2642    15116    28568    65921   134219    97211        0 |    343681

