 <pre>

 Contingency table for Visibility (m)
 Selection: ALL    701 stations
Period: 20231101-20231107
Used {00,06,12,18} + 00 01 ... 12
 Limits    1000.00000       5000.00000       10000.0000       20000.0000    
 Each class is data <= limit, the very last > last limit
 Total number of values      205761
                                     OBSERVATION
                                   4348     3163     1216      983      809 |     10519
                                   3561    13886    10277    12817    10767 |     51308
                           Ref      411     2681     4725    13488    24716 |     46021
                                    259     1737     3991    12836    37105 |     55928
                                    354     1756     3477    10789    25609 |     41985

                    SUM            8933    23223    23686    50913    99006 |    205761
                                     OBSERVATION
                                   2122     1638      728      443      382 |      5313
                                   4857    13979     9525    11385     9999 |     49745
                            1h      792     3341     5255    14067    24823 |     48278
                                    461     2147     4397    13579    37843 |     58427
                                    701     2118     3781    11439    25959 |     43998

                    SUM            8933    23223    23686    50913    99006 |    205761
                                     OBSERVATION
                                   2728     1993      933      708      540 |      6902
                                   4583    14090     9700    12097    10416 |     50886
                            2h      653     3105     5120    13636    25361 |     47875
                                    384     1994     4213    13248    36958 |     56797
                                    585     2041     3720    11224    25731 |     43301

                    SUM            8933    23223    23686    50913    99006 |    205761
                                     OBSERVATION
                                   3126     2320      996      824      563 |      7829
                                   4304    13941     9875    12438    10801 |     51359
                            3h      615     3012     4985    13672    25814 |     48098
                                    358     1961     4152    12838    36342 |     55651
                                    530     1989     3678    11141    25486 |     42824

                    SUM            8933    23223    23686    50913    99006 |    205761
                                     OBSERVATION
                                   2300     1814      876      663      552 |      6205
                                   4778    14057     9823    12490    11111 |     52259
                          1h_e      729     3151     5012    13622    25846 |     48360
                                    454     2087     4271    12935    35859 |     55606
                                    672     2114     3704    11203    25638 |     43331

                    SUM            8933    23223    23686    50913    99006 |    205761
                                     OBSERVATION
                                   2063     1612      730      480      383 |      5268
                                   4785    13942     9534    11409     9826 |     49496
                          1h_f      881     3349     5215    14133    25780 |     49358
                                    495     2170     4386    13467    37019 |     57537
                                    709     2150     3821    11424    25998 |     44102

                    SUM            8933    23223    23686    50913    99006 |    205761

