 <pre>

 Contingency table for Low clouds (octas)
 Selection: METCOOP    225 stations
Period: 20231101-20231107
Used {00,06,12,18} + 01 02 ... 12
 Limits    1.00000000       2.00000000       3.00000000       4.00000000       5.00000000       6.00000000       7.00000000    
 Each class is data <= limit, the very last > last limit
 Total number of values       62951
                                              OBSERVATION
                                   3245      297      280      247      296      245      678     1859 |      7147
                                    338       95       82       62       88       62      178      519 |      1424
                                    200       58       51       40       69       61      149      441 |      1069
                           Ref      201       69       60       39       54       62      144      444 |      1073
                                    167       62       59       47       54       53      163      449 |      1054
                                    153       92       66       56       84       68      176      666 |      1361
                                    255      145      137      117      129      120      342     1212 |      2457
                                   1500     1565     1451     1581     1489     1934     4662    33184 |     47366

                    SUM            6059     2383     2186     2189     2263     2605     6492    38774 |     62951
                                              OBSERVATION
                                   2922      381      360      296      376      322      828     2626 |      8111
                                    396      119      105       80      106       74      232      868 |      1980
                                    279       94       73       61       75       72      207      739 |      1600
                            1h      225       80       83       83       91       77      206      798 |      1643
                                    202       91       69       77       92       86      213      823 |      1653
                                    213      110       94       92       81      110      281     1030 |      2011
                                    282      140      155      129      153      185      368     1710 |      3122
                                   1540     1368     1247     1371     1289     1679     4157    30180 |     42831

                    SUM            6059     2383     2186     2189     2263     2605     6492    38774 |     62951
                                              OBSERVATION
                                   3006      376      357      307      380      310      869     2520 |      8125
                                    341      112       91       70      109       70      217      894 |      1904
                                    229       95       86       75       59       68      185      757 |      1554
                            2h      201       79       69       58       68       85      183      672 |      1415
                                    198       72       71       45       69       73      207      750 |      1485
                                    205       92       87       91      111       87      225      945 |      1843
                                    298      136      153      133      136      177      376     1612 |      3021
                                   1581     1421     1272     1410     1331     1735     4230    30624 |     43604

                    SUM            6059     2383     2186     2189     2263     2605     6492    38774 |     62951
                                              OBSERVATION
                                   2992      368      338      288      354      287      796     2296 |      7719
                                    352       87      103       71       94       73      196      735 |      1711
                                    255       70       61       67       60       82      186      644 |      1425
                            3h      199       69       67       58       78       54      195      662 |      1382
                                    196       88       87       57       72       80      189      704 |      1473
                                    214       98       90       84       95       94      236      908 |      1819
                                    291      154      150      126      153      144      401     1610 |      3029
                                   1560     1449     1290     1438     1357     1791     4293    31215 |     44393

                    SUM            6059     2383     2186     2189     2263     2605     6492    38774 |     62951
                                              OBSERVATION
                                   3010      404      371      320      385      344      889     2887 |      8610
                                    346      110       95       89       97       87      243      919 |      1986
                                    279       87       85       69       90       65      209      793 |      1677
                          1h_e      221       90       76       63       92       77      213      827 |      1659
                                    205       77       78       69       84       83      232      819 |      1647
                                    247      103      104       82       86      117      234     1005 |      1978
                                    305      163      157      154      144      155      389     1673 |      3140
                                   1446     1349     1220     1343     1285     1677     4083    29851 |     42254

                    SUM            6059     2383     2186     2189     2263     2605     6492    38774 |     62951
                                              OBSERVATION
                                   2943      373      357      297      362      319      812     2651 |      8114
                                    364      118       98       82       99       72      246      871 |      1950
                                    270       83       83       79       86       75      202      763 |      1641
                          1h_f      255       93       65       68       76       70      213      810 |      1650
                                    224       96       90       67       85      103      223      828 |      1716
                                    229      104       99       73       82       98      240      985 |      1910
                                    310      153      151      141      143      189      392     1632 |      3111
                                   1464     1363     1243     1382     1330     1679     4164    30234 |     42859

                    SUM            6059     2383     2186     2189     2263     2605     6492    38774 |     62951

