 <pre>

 Contingency table for Low clouds (octas)
 Selection: ALL    613 stations
Period: 20231101-20231107
Used {00,06,12,18} + 01 02 ... 12
 Limits    1.00000000       2.00000000       3.00000000       4.00000000       5.00000000       6.00000000       7.00000000    
 Each class is data <= limit, the very last > last limit
 Total number of values      146203
                                              OBSERVATION
                                  16291     1461     1159      905      959      848     1836     3682 |     27141
                                   1372      354      362      249      327      291      659     1160 |      4774
                                    898      259      271      212      265      246      511     1034 |      3696
                           Ref      766      257      263      189      239      247      557     1063 |      3581
                                    675      243      273      206      246      234      598     1103 |      3578
                                    672      316      298      240      326      302      709     1438 |      4301
                                    973      485      575      451      480      515     1242     2508 |      7229
                                   3890     3556     3906     3360     4076     4906    13343    54866 |     91903

                    SUM           25537     6931     7107     5812     6918     7589    19455    66854 |    146203
                                              OBSERVATION
                                  16145     1619     1391     1008     1159     1069     2346     4990 |     29727
                                   1465      395      373      288      354      327      707     1695 |      5604
                                   1023      307      303      230      288      260      690     1476 |      4577
                            1h      781      296      293      236      267      271      650     1487 |      4281
                                    673      277      288      227      278      273      666     1590 |      4272
                                    711      348      347      318      321      357      838     1875 |      5115
                                   1017      490      535      457      491      555     1283     3186 |      8014
                                   3722     3199     3577     3048     3760     4477    12275    50555 |     84613

                    SUM           25537     6931     7107     5812     6918     7589    19455    66854 |    146203
                                              OBSERVATION
                                  16351     1584     1368     1028     1142     1053     2309     4801 |     29636
                                   1352      383      357      269      334      300      744     1676 |      5415
                                    890      300      305      239      263      256      616     1462 |      4331
                            2h      767      288      261      194      248      281      587     1336 |      3962
                                    670      286      272      210      277      276      667     1525 |      4183
                                    706      307      357      293      340      311      780     1747 |      4841
                                   1006      498      535      490      476      567     1324     3054 |      7950
                                   3795     3285     3652     3089     3838     4545    12428    51253 |     85885

                    SUM           25537     6931     7107     5812     6918     7589    19455    66854 |    146203
                                              OBSERVATION
                                  16276     1601     1312     1002     1116      970     2150     4442 |     28869
                                   1370      353      365      253      327      308      694     1461 |      5131
                                    906      237      284      248      249      285      607     1346 |      4162
                            3h      779      257      263      206      251      218      586     1307 |      3867
                                    691      272      277      230      287      256      635     1390 |      4038
                                    692      313      350      281      333      328      780     1713 |      4790
                                    996      518      551      422      485      538     1341     3020 |      7871
                                   3827     3380     3705     3170     3870     4686    12662    52175 |     87475

                    SUM           25537     6931     7107     5812     6918     7589    19455    66854 |    146203
                                              OBSERVATION
                                  16301     1651     1436     1062     1185     1130     2441     5352 |     30558
                                   1444      407      367      292      331      336      765     1753 |      5695
                                    960      300      288      237      286      252      674     1555 |      4552
                          1h_e      782      286      307      215      299      264      660     1502 |      4315
                                    688      275      289      226      279      285      701     1562 |      4305
                                    729      343      372      302      323      345      772     1949 |      5135
                                   1000      497      554      444      497      537     1342     3190 |      8061
                                   3633     3172     3494     3034     3718     4440    12100    49991 |     83582

                    SUM           25537     6931     7107     5812     6918     7589    19455    66854 |    146203
                                              OBSERVATION
                                  16238     1638     1419     1019     1155     1105     2353     5018 |     29945
                                   1395      372      350      286      335      309      735     1723 |      5505
                                    948      289      301      253      295      260      652     1520 |      4518
                          1h_f      846      310      283      215      267      261      658     1484 |      4324
                                    712      283      298      240      273      316      674     1566 |      4362
                                    706      337      355      281      322      316      818     1843 |      4978
                                   1032      509      537      448      482      578     1343     3081 |      8010
                                   3660     3193     3564     3070     3789     4444    12222    50619 |     84561

                    SUM           25537     6931     7107     5812     6918     7589    19455    66854 |    146203

